6.324945878982544123e-01
4.968400919437408469e-01
5.359993457794189897e-01
6.565896534919738459e-01
5.958564615249634100e-01
5.833835113048553289e-01
6.964717006683349698e-01
5.771346759796142090e-01
6.455712783336639005e-01
5.888808941841126021e-01
6.236917507648468417e-01
7.339863193035125466e-01
6.310309767723083496e-01
6.914149045944213423e-01
6.489022660255432395e-01
7.511606395244598833e-01
5.655018007755279186e-01
7.222990441322326705e-01
7.549641692638396906e-01
7.431249547004700196e-01
5.910886669158935680e-01
6.530878818035126265e-01
7.233210361003875599e-01
6.401785147190094394e-01
6.628166544437408270e-01
7.372432732582092640e-01
6.520619225502014560e-01
7.339405536651610884e-01
6.743221509456635010e-01
6.358845365047455234e-01
7.357448077201843573e-01
8.084628295898437234e-01
7.470117115974426181e-01
6.653272128105163219e-01
6.390569710731506259e-01
6.163642609119415194e-01
6.600191247463226274e-01
6.653136992454529164e-01
6.984020543098449219e-01
6.663032472133636475e-01
7.182491874694824086e-01
6.136427056789398593e-01
6.990140175819397061e-01
7.566603016853332697e-01
6.503141140937804821e-01
5.878657436370849920e-01
6.081864583492279097e-01
7.166691040992736461e-01
7.125534844398498935e-01
7.262406218051910001e-01
